%YAML:1.0
---
R: !!opencv-matrix
   rows: 3
   cols: 3
   dt: d
   data: [ 9.9996261682933352e-01, -1.2545228929196478e-03,
       8.5551806610218526e-03, 1.1194136874422081e-03,
       9.9987487373417183e-01, 1.5779220135043528e-02,
       -8.5739055761040895e-03, -1.5769053471433744e-02,
       9.9983889957121941e-01 ]
T: !!opencv-matrix
   rows: 3
   cols: 1
   dt: d
   data: [ -1.1868750607852749e+02, 4.0023729614378567e-01,
       1.2914602681179304e+00 ]
R1: !!opencv-matrix
   rows: 3
   cols: 3
   dt: d
   data: [ 9.9998725320288029e-01, -4.4544199962017455e-03,
       -2.3773039889452277e-03, 4.4730562672155314e-03,
       9.9995885032110499e-01, 7.8923654327606209e-03,
       2.3420502532484318e-03, -7.9028986448864847e-03,
       9.9996602891979280e-01 ]
R2: !!opencv-matrix
   rows: 3
   cols: 3
   dt: d
   data: [ 9.9993512041547794e-01, -3.3719752157284834e-03,
       -1.0880475303410813e-02, 3.2859383926054286e-03,
       9.9996327177614264e-01, -7.9156621726997334e-03,
       1.0906767099540624e-02, 7.8793960362974775e-03,
       9.9990947467735281e-01 ]
P1: !!opencv-matrix
   rows: 3
   cols: 4
   dt: d
   data: [ 2.6857998307793639e+02, 0., 3.7830014159480424e+02, 0., 0.,
       2.6857998307793639e+02, 2.4809578628798172e+02, 0., 0., 0., 1.,
       0. ]
P2: !!opencv-matrix
   rows: 3
   cols: 4
   dt: d
   data: [ 2.6857998307793639e+02, 0., 3.7830014159480424e+02,
       -3.1879156680573742e+04, 0., 2.6857998307793639e+02,
       2.4809578628798172e+02, 0., 0., 0., 1., 0. ]
Q: !!opencv-matrix
   rows: 4
   cols: 4
   dt: d
   data: [ 1., 0., 0., -3.7830014159480424e+02, 0., 1., 0.,
       -2.4809578628798172e+02, 0., 0., 0., 2.6857998307793639e+02, 0.,
       0., 8.4249400248909805e-03, 0. ]
