%YAML:1.0
---
M1: !!opencv-matrix
   rows: 3
   cols: 3
   dt: d
   data: [ 3.5869626214208898e+02, 0., 3.7726037772685299e+02, 0.,
       3.5664474140861540e+02, 2.5618230440323003e+02, 0., 0., 1. ]
D1: !!opencv-matrix
   rows: 4
   cols: 1
   dt: d
   data: [ 6.5332414297708131e-03, -1.2487848748151817e-01,
       1.5986511147787338e-01, -6.6449580506354827e-02 ]
M2: !!opencv-matrix
   rows: 3
   cols: 3
   dt: d
   data: [ 3.6021429019792788e+02, 0., 3.7232058576297391e+02, 0.,
       3.5835840995573159e+02, 2.3596076701649255e+02, 0., 0., 1. ]
D2: !!opencv-matrix
   rows: 4
   cols: 1
   dt: d
   data: [ -2.5040133324212104e-02, -1.6935554290888201e-02,
       1.9730203532182376e-02, -5.4584467760753234e-03 ]
