%YAML:1.0
---
M1: !!opencv-matrix
   rows: 3
   cols: 3
   dt: d
   data: [ 3.7491441532339235e+02, 0., 3.8340344423640988e+02, 0.,
       3.6177085740907052e+02, 2.5788821700292277e+02, 0., 0., 1. ]
D1: !!opencv-matrix
   rows: 1
   cols: 14
   dt: d
   data: [ -3.9148811593321525e-01, 2.3632964120358368e-01, 0., 0., 0.,
       0., 0., 1.1839528803770896e-01, 0., 0., 0., 0., 0., 0. ]
M2: !!opencv-matrix
   rows: 3
   cols: 3
   dt: d
   data: [ 3.7491441532339235e+02, 0., 3.9255395953259330e+02, 0.,
       3.6177085740907052e+02, 2.3591936042428409e+02, 0., 0., 1. ]
D2: !!opencv-matrix
   rows: 1
   cols: 14
   dt: d
   data: [ -3.6959099993216665e-01, 1.8680536983200738e-01, 0., 0., 0.,
       0., 0., 7.1001306631160901e-02, 0., 0., 0., 0., 0., 0. ]
