%YAML:1.0
---
R: !!opencv-matrix
   rows: 3
   cols: 3
   dt: d
   data: [ 9.9913658023234075e-01, 9.3177443981729219e-04,
       -4.1535837995840263e-02, -1.1526589786696185e-04,
       9.9980679570933650e-01, 1.9655990618684133e-02,
       4.1546128043370947e-02, -1.9634231582170789e-02,
       9.9894365015989850e-01 ]
T: !!opencv-matrix
   rows: 3
   cols: 1
   dt: d
   data: [ -3.5569878378674575e+00, 5.8123582687564105e-03,
       -3.1085437516591152e-01 ]
R1: !!opencv-matrix
   rows: 3
   cols: 3
   dt: d
   data: [ 9.9895876363747249e-01, -2.4086798779106200e-03,
       4.5558608551381843e-02, 1.9616582902369085e-03,
       9.9994952228076561e-01, 9.8541761310249314e-03,
       -4.5580044412490854e-02, -9.7545451823580764e-03,
       9.9891306348432574e-01 ]
R2: !!opencv-matrix
   rows: 3
   cols: 3
   dt: d
   data: [ 9.9620168356342165e-01, -1.6278608071599236e-03,
       8.7060644005180376e-02, 2.4823904982996759e-03,
       9.9994979522389615e-01, -9.7079745107920071e-03,
       -8.7040469913817614e-02, 9.8872190670960935e-03,
       9.9615571046714424e-01 ]
P1: !!opencv-matrix
   rows: 3
   cols: 4
   dt: d
   data: [ -8.3588806654204546e+01, 0., 1.9680582885742188e+03, 0., 0.,
       -8.3588806654204546e+01, 1.6742182159423828e+02, 0., 0., 0., 1.,
       0. ]
P2: !!opencv-matrix
   rows: 3
   cols: 4
   dt: d
   data: [ -8.3588806654204546e+01, 0., 1.9680582885742188e+03,
       2.9845800660296845e+02, 0., -8.3588806654204546e+01,
       1.6742182159423828e+02, 0., 0., 0., 1., 0. ]
Q: !!opencv-matrix
   rows: 4
   cols: 4
   dt: d
   data: [ 1., 0., 0., -1.9680582885742188e+03, 0., 1., 0.,
       -1.6742182159423828e+02, 0., 0., 0., -8.3588806654204546e+01, 0.,
       0., 2.8006890351378894e-01, 0. ]
